-2.5	1.0	-1.75	1.75	2
-0.5486301369863014	0.228082191780822	-1.260958904109589	-0.4842465753424656	2
-0.14169059449844085	-0.1145807252639344	-0.9998296475475364	-0.9727197783130299	2
-0.6445205479452054	0.09383561643835625	-1.2513698630136987	-0.513013698630137	2
-2.5	1.0	-1.75	1.75	2
0.40485524110615256	0.404873346655532	-0.14532217971228933	-0.1453040741629099	2
0.40485524110615256	0.404873346655532	-0.14532217971228933	-0.1453040741629099	2
-0.12704086873943965	-0.12704071126491434	-0.9872913318507934	-0.987291174376268	2
-0.126967204022518	-0.12696711520969203	-0.9872620674038413	-0.9872619785910153	2
-1.4027534177533845	-1.4027524976255783	-1.854046719132144E-5	-1.7620339385195946E-5	2
-1.85401819320162	-1.8540181931916457	-4.97539996769752E-12	4.998832735389992E-12	2
0.46457078907821	0.48075938332689117	0.030990453571549163	0.04717904782023037	3
1.21457078907821	1.230759383326891	0.030990453571549163	0.04717904782023037	3
-0.08958516917645	-0.08958516887064097	-0.9300002928784415	-0.9300002925726325	2
-0.2458027629056777	-0.24368761980302717	-0.4382807852468767	-0.43616564214422615	4
0.11382113821138251	0.5569105691056913	-0.6646341463414633	-0.22154471544715437	2
-0.5927894361667431	-0.5894528357344526	-0.45829346715961516	-0.4549568667273247	4
-0.15216932620709597	-0.1461706411307091	-0.8447442997357287	-0.8387456146593418	2
-0.3577235772357721	-0.2601626016260159	-0.823170731707317	-0.725609756097561	5
